2.6520599120494738e-44
7.8583858669145042e-44
7.1565830681329059e-44
4.8255912103480408e-44
1.3008815376445279e-43
8.7628907649625594e-44
2.3599318136981732e-43
1.5880857118741724e-43
4.2725861758530242e-43
2.8723023268784883e-43
7.7199036180917182e-43
5.1846092811406842e-43
1.3920748803501365e-42
9.3396711961151174e-43
2.5052033662315078e-42
1.6791009700909702e-42
4.4993838757769133e-42
3.0126710155798311e-42
8.0647847388533299e-42
5.3945630964987395e-42
1.4426539973630344e-41
9.640299271597601e-42
2.5754982447019094e-41
1.7193109402694039e-41
4.5887035812123099e-41
3.0601872990632116e-41
8.1592158333019527e-41
5.4358975277087703e-41
1.4478931386935883e-40
9.6366078308115459e-41
2.5642140168357264e-40
1.7049308954888308e-40
4.5321231351569774e-40
3.0103642474438256e-40
7.9942698351120101e-40
5.3047019219033014e-40
1.4072963999483338e-39
9.3289463287652304e-40
2.4724187100611126e-39
1.6373211615683983e-39
4.3349903743790942e-39
2.8679054320106463e-39
7.5854949709440097e-39
5.0133202649919972e-39
1.3246751315726793e-38
8.7461262805830722e-39
2.3086841058639537e-38
1.5227748975375314e-38
4.0155895379925802e-38
2.6459726185201939e-38
6.9704976696467717e-38
4.5884357362383667e-38
1.2075578065263676e-37
7.9409714145755072e-38
2.0877656344555653e-37
1.3715520167331495e-37
3.6023443976121757e-37
2.3641803573824432e-37
6.2032371976243847e-37
4.0670414404566309e-37
1.0660589397719833e-36
6.9824247139652676e-37
1.8284105401894761e-36
1.1963647189894454e-36
3.1296508334272837e-36
2.0457407858647909e-36
5.3462311186606742e-36
3.4911401335999814e-36
9.1144243152921014e-36
5.9458456466118227e-36
1.5507451363067162e-35
1.0106241015725811e-35
2.633184462116529e-35
1.7143336222870902e-35
4.4622285545442982e-35
2.9022225063798858e-35
7.5466117857960389e-35
4.9033821282847161e-35
1.2737432022491499e-34
8.2678091912186875e-35
2.1455637363996649e-34
1.3912808961738447e-34
3.6068711868785377e-34
2.3365165938068394e-34
6.0513115917289686e-34
3.9160893199716578e-34
1.0132067415392371e-33
6.5503722208406276e-34
1.6930753891685093e-33
1.0934754596892003e-33
2.8234766079654931e-33
1.8217206182722896e-33
4.6991765562347603e-33
3.0288947178074833e-33
7.805289257305577e-33
5.0259278898619487e-33
1.2938559081066565e-32
8.3229636872506651e-33
2.1404865119639671e-32
1.3755279444482944e-32
3.5340179334721426e-32
2.2687701878650081e-32
5.8231057045822996e-32
3.7345757013307115e-32
9.5756942294677356e-32
6.1351007463649589e-32
1.5715041672306597e-31
1.0058467144908668e-31
2.5738929212653404e-31
1.6457792248134502e-31
4.2072186718111101e-31
2.6874538873556962e-31
6.8632428486131795e-31
4.3796573873502383e-31
1.1173605102298476e-30
7.1230981015821173e-31
1.8154610759541612e-30
1.1561851439462602e-30
2.9438131209860005e-30
1.8729039910146142e-30
4.7639062099470996e-30
3.027842751625405e-30
7.6938876440807557e-30
4.8851824650700091e-30
1.2401041143498909e-29
7.8660722967685503e-30
1.9948035301762704e-29
1.2640514438096431e-29
3.2023719944179754e-29
2.0272216498409548e-29
5.1306584129787946e-29
3.2446465418094283e-29
8.2035927916185227e-29
5.182785351274928e-29
1.3090756948214056e-28
8.2620671988220057e-29
2.0847553427660387e-28
1.3144494667172172e-28
3.3134094209823198e-28
2.0870302188035615e-28
5.2556299784276456e-28
3.3070689634689827e-28
8.3196322729757046e-28
5.2298283726628664e-28
1.3143564233521246e-27
8.2539397319772645e-28
2.0722962644545109e-27
1.3000642660240608e-27
3.2607703070132973e-27
2.0436100058560218e-27
5.1205692318369235e-27
3.2059806052467883e-27
8.0250167638056607e-27
5.0194187926665121e-27
1.2551722397018469e-26
7.8428813551425374e-27
1.9592523393153119e-26
1.2230030194820306e-26
3.0521585753084536e-26
1.9033080507238815e-26
4.7451886687997615e-26
2.9561080983362104e-26
7.3625718645964874e-26
4.5820646133423219e-26
1.1400798773239298e-25
7.0881316972160317e-26
1.7618571167673085e-25
1.094288961782719e-25
2.7172885640037675e-25
1.6860169253782671e-25
4.1824475965217167e-25
2.5925164030607802e-25
6.4247306742114824e-25
3.9784212595050513e-25
9.8493827909101953e-25
6.0929791545185775e-25
1.5069289536481569e-24
9.3127573845676256e-25
2.3009448506250817e-24
1.4205501054896061e-24
3.506301948255196e-24
2.1625417255935741e-24
5.3323922397635935e-24
3.2855048008683831e-24
8.0932794019760745e-24
4.9816061366912892e-24
1.2259045328585395e-23
7.538177171132455e-24
1.8531835621519593e-23
1.1383949607260986e-23
2.7958244531007737e-23
1.7157312438437586e-23
4.2095050026796138e-23
2.580686360675678e-23
6.3253102516113976e-23
3.8739219306455377e-23
9.485545369818851e-23
5.8035826461400069e-23
1.4196211151378563e-22
8.6770310937717352e-23
2.1203730039939804e-22
1.2947198466031058e-22
3.1606889161708975e-22
1.9280137557205989e-22
4.7019814551376042e-22
2.8653265383208843e-22
6.980873071665664e-22
4.2497931043770636e-22
1.034351723770182e-21
6.2905862898017725e-22
1.5295244183309305e-21
9.2927473953743617e-22
2.2572219153392588e-21
1.3700196964638334e-21
3.3244650598053275e-21
2.0157615701829187e-21
4.8865118783103596e-21
2.9599282441367971e-21
7.1681290588039576e-21
4.3376337126462721e-21
1.0494031039471723e-20
6.343869488161519e-21
1.5332343629033669e-20
9.2594517935969271e-21
2.2356530941292169e-20
1.348795106281388e-20
3.2533437780548452e-20
1.9608138207917739e-20
4.7248189412931745e-20
2.8448305849030687e-20
6.8480993977654902e-20
4.1191359773031244e-20
9.9056872339185821e-20
5.9523097100585192e-20
1.4299762960461166e-19
8.5840963399069561e-20
2.0601684732763184e-19
1.2354731660585564e-19
2.9621449502283606e-19
1.7746050884013173e-19
4.2504953704513783e-19
2.5438986158010792e-19
6.0869881974502835e-19
3.6393811957722311e-19
8.6995150363471724e-19
5.1961893189291093e-19
1.240844322049627e-18
7.404096256799916e-19
1.766319337941286e-18
1.0529041021174891e-18
2.5092897977434052e-18
1.4942912400206798e-18
3.5576407361113873e-18
2.1164662846347094e-18
5.0338819765786567e-18
2.9916937202894927e-18
7.1084291617971446e-18
4.2203899130665681e-18
1.0017836100832229e-17
5.941795413105084e-18
1.4089769080672782e-17
8.348577502462121e-18
1.9777140557840051e-17
1.1706766159886779e-17
2.7704658168903152e-17
1.6382911116262587e-17
3.8732164099647159e-17
2.2880993505025663e-17
5.4040629784556044e-17
3.1892484407436243e-17
7.5248649723393848e-17
4.4364081776289785e-17
1.0456989987392904e-16
6.1589164651312863e-17
1.4502549094876847e-16
8.5330993375478194e-17
2.0072971489349792e-16
1.1798830454770392e-16
2.7727369018789088e-16
1.6281739081268631e-16
3.8223929228685077e-16
2.2422926446602265e-16
5.2588606802459395e-16
3.0818639669190769e-16
7.2206729363726173e-16
4.2273120650503562e-16
9.8944886242396657e-16
5.7868846334232972e-16
1.3531274501751891e-15
7.9059672493748244e-16
1.8467738933589555e-15
1.0779406968905519e-15
2.5154658168206608e-15
1.4667780348716958e-15
3.4194226542051155e-15
1.9918819585732425e-15
4.6389193327352618e-15
2.6995567991686872e-15
6.2807358368991262e-15
3.6513293854856751e-15
8.4866033821417507e-15
4.928777648780309e-15
1.1444239968367353e-14
6.6398323141603491e-15
1.5401736060714527e-14
8.926982185879857e-15
2.0686264279874825e-14
1.1977933452724954e-14
2.7728356696906928e-14
1.6039424991813084e-14
3.7093333720876843e-14
2.1435092657513477e-14
4.9521897017497975e-14
2.8588515639460145e-14
6.5982436705816827e-14
3.8052878939598188e-14
8.7738276338007052e-14
5.0549062272059119e-14
1.1643391964890802e-13
6.7014434743254477e-14
1.5420540942448087e-13
8.8665217805232242e-14
2.0382120784180683e-13
1.1707600189490342e-13
2.6886161576862625e-13
1.5428089586212606e-13
3.5394673368991386e-13
2.0290188992422419e-13
4.6502541048648231e-13
2.6631136694278614e-13
6.097406254628396e-13
3.4883735634534776e-13
7.9789041930751689e-13
4.5602215286603576e-13
1.042007968007135e-12
5.9494739296185714e-13
1.3580898418228574e-12
7.7464168282759012e-13
1.7665080991327993e-12
1.0065905064017167e-12
2.2931498547857246e-12
1.3053725294336525e-12
2.9708375936919555e-12
1.6894516966368254e-12
3.8410950735821376e-12
2.1821608547867239e-12
4.956337524065809e-12
2.8129202114154675e-12
6.3825814007046856e-12
3.6187429714509348e-12
8.2027886521814179e-12
4.646091224778761e-12
1.052098382248671e-11
5.9531578655489163e-12
1.3467309931831804e-11
7.6126653195294473e-12
1.7204221617003767e-11
9.7152894918631063e-12
2.1934052211372856e-11
1.2373838011613083e-11
2.7908236125166902e-11
1.5728335981214498e-11
3.5438519960929424e-11
1.9952200505993822e-11
4.4910556262592868e-11
2.5259717810065764e-11
5.6800343731688347e-11
3.1915074294152422e-11
7.1694058312954883e-11
4.0243236066574018e-11
9.0311912001763331e-11
5.0643020917485527e-11
1.1353678186242541e-10
6.360276307261156e-11
1.4244847192656327e-10
7.9719035050671174e-11
1.7836460676642717e-10
9.9718963264757452e-11
2.2288930899077252e-10
1.2448675531314698e-10
2.7797098509184783e-10
1.5509514794602132e-10
3.4597073624222124e-10
1.9284258597028882e-10
4.2974312403445437e-10
2.3929705459905398e-10
5.3273125674211763e-10
2.9634761120818126e-10
6.590784202747176e-10
3.6626479760481232e-10
8.1375875993783546e-10
4.5177126080557322e-10
1.0027298246218538e-09
5.5612406875887388e-10
1.2331101133746425e-09
6.8321037730714805e-10
1.5133851145532275e-09
8.3765828481744981e-10
1.853645697988415e-09
1.0249649005781344e-09
2.2658631079817797e-09
1.2516438503858401e-09
2.7642052057738034e-09
1.5253946457197999e-09
3.3653990196556068e-09
1.8552965483771512e-09
4.0891450723277208e-09
2.2520297678822829e-09
4.9585893617190438e-09
2.7281270284561319e-09
6.0008592623814454e-09
3.2982587329713486e-09
7.2476699813136397e-09
3.9795551253201528e-09
8.7360085286906312e-09
4.7919690036239519e-09
1.0508902438305292e-08
5.7586826581173395e-09
1.2616280677286984e-08
6.906562788203726e-09
1.5115934299560468e-08
8.2666671850418517e-09
1.8074584405070645e-08
9.8748069390528978e-09
2.156906484174952e-08
1.1772167830500536e-08
2.5687626807342073e-08
1.4005994379150295e-08
3.0531372046771303e-08
1.6630339747664147e-08
3.6215820674073869e-08
1.9706884302585562e-08
4.2872618743333701e-08
2.3305825121774232e-08
5.0651389530993046e-08
2.7506838085489954e-08
5.9721731038167927e-08
3.2400113383034002e-08
7.027536045624283e-08
3.8087464304626881e-08
8.252840423528772e-08
4.468350804295862e-08
9.6723829933701572e-08
5.2316915912301032e-08
1.1313401319587579e-07
6.1131728876489405e-08
1.3206342998079573e-07
7.1288732567294233e-08
1.5385146056147783e-07
8.2966884082987663e-08
1.7887528782093917e-07
9.6364780757460244e-08
2.0755286799390565e-07
1.117021588177558e-07
2.4034594729542558e-07
1.2922140740345006e-07
2.7776309282582373e-07
1.4918908084003007e-07
3.2036270084228463e-07
1.7189738933144627e-07
3.6875593993797307e-07
1.9766564543846621e-07
4.2360958103261626e-07
2.2684164085323699e-07
4.8564866032829723e-07
2.5980292514549141e-07
5.556589157181685e-07
2.9695795529700864e-07
6.3448893165320153e-07
3.3874708224232442e-07
7.2305192220199765e-07
3.8564333802726392e-07
8.2232707735233057e-07
4.3815298502933309e-07
9.3336039334174226e-07
4.9681578674631854e-07
1.0572649044617022e-06
5.6220495817799199e-07
1.1952202312627558e-06
6.3492675282661448e-07
1.3484713587488817e-06
7.156196430643802e-07
1.5183265580295813e-06
8.0495305078420731e-07
1.7061543663779433e-06
9.0362558650275426e-07
1.9133795435069545e-06
1.012362756874774e-06
2.1414779268272288e-06
1.131914103599807e-06
2.3919701150967865e-06
1.2630497403937069e-06
2.6664139184950919e-06
1.4065562597351255e-06
2.9663955242731355e-06
1.5632319869535172e-06
3.2935193398225815e-06
1.7338815663653362e-06
3.6493964903350218e-06
1.9193098720893254e-06
4.0356319655487916e-06
2.1203152456295005e-06
4.4538104291974578e-06
2.3376820721815461e-06
4.9054807261805777e-06
2.5721727186789334e-06
5.3921391453687351e-06
2.8245188687520129e-06
5.9152115201022148e-06
3.095412301812317e-06
6.4760342742276045e-06
3.3854951767831043e-06
7.0758345477872631e-06
3.6953498939729101e-06
7.7157095625668415e-06
4.025488622355633e-06
8.3966054152395664e-06
4.3763425919551846e-06
9.1192955107011198e-06
4.7482512645080632e-06
9.8843588734465193e-06
5.1414515069014843e-06
1.0692158598057944e-05
5.5560669033061227e-06
1.1542820719884217e-05
5.9920973512483933e-06
1.2436213805422369e-05
6.4494090951106031e-06
1.3371929575789476e-05
6.9277253564870023e-06
1.4349264886637236e-05
7.4266177252368948e-06
1.5367205394911654e-05
7.9454984761029301e-06
1.6424411240834047e-05
8.4836139752630935e-06
1.7519205072036304e-05
9.0400393366607545e-06
1.8649562723072055e-05
9.6136744828778653e-06
1.9813106849009277e-05
1.0203241752604342e-05
2.1007103789383308e-05
1.0807285187375282e-05
2.22284639079251e-05
1.1424171611873479e-05
2.3473745622337727e-05
1.2052093604331127e-05
2.4739163294817956e-05
1.2689074433080982e-05
2.6020599111609144e-05
1.3332975008828463e-05
2.7313619026969604e-05
1.3981502879456542e-05
2.8613492795481754e-05
1.4632223263033595e-05
2.9915218056508763e-05
1.5282572087271795e-05
3.1213548376207711e-05
1.5929870972875015e-05
3.2503025091723536e-05
1.6571344066740323e-05
3.377801273796166e-05
1.7204136601112197e-05
3.503273777993865e-05
1.7825335024146405e-05
3.6261330311759821e-05
1.8431988519251874e-05
3.7457868328205635e-05
1.9021131701824068e-05
3.8616424124948701e-05
1.9589808260445096e-05
3.9731112333463159e-05
2.013509528497881e-05
4.0796139060383929e-05
2.0654128006669659e-05
4.1805851566212304e-05
2.1144124663030617e-05
4.2754787894616619e-05
2.1602411186760762e-05
4.3637725846257247e-05
2.2026445414602414e-05
4.4449730688955746e-05
2.2413840511381622e-05
4.5186200993141412e-05
2.2762387308472576e-05
4.5842912001381464e-05
2.3070075262698886e-05
4.6416055958897751e-05
2.3335111760558469e-05
4.6902278868388159e-05
2.3555939506869628e-05
4.7298713171439744e-05
2.3731251762137973e-05
4.7603005912888463e-05
2.3860005220699421e-05
4.7813342000213588e-05
2.3941430351448467e-05
4.7928462235224956e-05
2.3975039058266034e-05
4.794767587068538e-05
2.3960629553565482e-05
4.7870867512456172e-05
2.3898288375456822e-05
4.7698498274462153e-05
2.3788389522660935e-05
4.7431601167602366e-05
2.3631590717276829e-05
4.7071770788664757e-05
2.3428826849025697e-05
4.6621147452796663e-05
2.3181300690566786e-05
4.6082395989910374e-05
2.2890471015668545e-05
4.5458679500121058e-05
2.2558038281661474e-05
4.4753628428151337e-05
2.2185928074569539e-05
4.3971305381584891e-05
2.1776272541407238e-05
4.311616616770042e-05
2.1331390060441713e-05
4.2193017572800251e-05
2.0853763420425331e-05
4.120697244336391e-05
2.0346016794903221e-05
4.0163402652448887e-05
1.9810891811244957e-05
3.9067890558963647e-05
1.925122301604798e-05
3.7926179566660778e-05
1.8669913045443742e-05
3.6744124393917055e-05
1.8069907799178608e-05
3.5527641649157893e-05
1.7454171913788841e-05
3.4282661288242977e-05
1.6825664815089958e-05
3.3015079499043587e-05
1.618731761432457e-05
3.1730713522359899e-05
1.5542011090330377e-05
3.0435258873362514e-05
1.4892554981327244e-05
2.9134249379003663e-05
1.4241668775505367e-05
2.7833020392109553e-05
1.3591964172277038e-05
2.6536675485022698e-05
1.294592934486527e-05
2.52500568636016e-05
1.2305915114807497e-05
2.3977719685652765e-05
1.1674123110427814e-05
2.2723910399979896e-05
1.1052595954685884e-05
2.1492549166945984e-05
1.0443209497834616e-05
2.0287216358882976e-05
9.8476670787883691e-06
1.9111143086891769e-05
9.2674957763438925e-06
1.796720564484211e-05
8.7040445831410018e-06
1.6857923716917522e-05
8.1584844143223201e-06
1.5785462151363117e-05
7.6318098432559545e-06
1.4751636066401286e-05
7.1248424386993747e-06
1.3757919023527077e-05
6.6382355646266156e-06
1.2805453978248504e-05
6.172480492672161e-06
1.189506669993512e-05
5.7279136688737076e-06
1.1027281338227279e-05
5.3047249725934886e-06
1.0202337808268291e-05
4.9029668013067518e-06
9.4202106638019423e-06
4.5225638180823591e-06
8.6806291318408668e-06
4.1633231990800823e-06
7.9830979909378819e-06
3.8249452259386807e-06
7.3269189874158869e-06
3.5070340736742533e-06
6.7112125009261003e-06
3.2091086545060765e-06
6.1349391897169703e-06
2.9306133883938434e-06
5.5969213683532137e-06
2.6709287824638883e-06
5.0958638951742463e-06
2.429381714116885e-06
4.6303743713033141e-06
2.205255325682387e-06
4.1989824804133935e-06
1.9977984513919189e-06
3.8001583243657544e-06
1.8062345112507261e-06
3.4323296365657008e-06
1.6297698190587129e-06
3.0938977808731005e-06
1.467601264820706e-06
2.7832524684620608e-06
1.3189233437488346e-06
2.4987851488245116e-06
1.1829345155089932e-06
2.2389010528034436e-06
1.0588428878341438e-06
2.0020298859141361e-06
9.4587122818207137e-07
1.7866351879128328e-06
8.4326131577494579e-07
1.5912223911007661e-06
7.5027765360918819e-07
1.4143456231914542e-06
6.6621056654669886e-07
1.2546133127087911e-06
5.9037871704553657e-07
1.1106926641434034e-06
5.2213107400167491e-07
9.8131307780385812e-07
4.6084837377474708e-07
8.6526859470123507e-07
4.0594411460787017e-07
7.6141945065319461e-07
3.5686512706370466e-07
6.6869282565502897e-07
3.130917638257541e-07
5.8608287522785019e-07
2.7413775195196666e-07
5.1265012940802934e-07
2.3954975008656787e-07
4.4752034313554068e-07
2.0890665172398903e-07
3.8988287864340221e-07
1.8181867393173706e-07
3.38988696610594e-07
1.5792626880881122e-07
2.9414802826463471e-07
1.3689889252939402e-07
2.547277955945032e-07
1.1843366422379514e-07
2.2014884139016228e-07
1.0225394415919187e-07
1.8988302524780565e-07
8.8107857859447136e-08
1.6345023592500424e-07
7.5766789929716805e-08
1.4041536475347879e-07
6.5023868530463685e-08
1.2038527921623757e-07
5.5692458691622426e-08
1.0300583038738362e-07
4.7604680003532351e-08
8.7958922779249674e-08
4.0609961732144054e-08
7.4959670291448524e-08
3.4573646048082635e-08
6.3753657440941691e-08
2.9375647902455532e-08
5.4114320904938978e-08
2.4909178101672341e-08
4.5840462651247291e-08
2.1079534345369404e-08
3.8753902547217396e-08
1.7802963408705165e-08
3.2697275361218137e-08
1.5005596246033676e-08
2.7531974453628809e-08
1.2622456583102383e-08
2.3136242216384526e-08
1.0596542531133603e-08
1.9403405417714025e-08
8.8779798885162652e-09
1.6240252037266756e-08
7.4232450851400081e-09
1.3565544896871218e-08
6.1944551549807103e-09
1.1308666391827375e-08
5.158721685965444e-09
9.4083878660652497e-09
4.2875653698541856e-09
7.8117566366291483e-09
3.5563875567883561e-09
6.4730933213130292e-09
2.9439950865041246e-09
5.3530919412486016e-09
2.4321746122364738e-09
4.4180152259851429e-09
2.0053126439516537e-09
3.6389776243722248e-09
1.6500575996297772e-09
2.9913086947220592e-09
1.355020259096785e-09
2.4539897970404703e-09
1.1105091557022133e-09
2.0091573172157599e-09
9.0829760650035533e-10
1.6416660057863618e-09
7.4141926629980436e-10
1.33870639627579e-09
6.0398928767145684e-10
1.0894706696888137e-09
4.9104837261483895e-10
8.8486174237725843e-10
3.9842720733030768e-10
7.1724076546591392e-10
3.2262897611668828e-10
5.8020862910389943e-10
2.6072785014936062e-10
4.6841745798428759e-10
2.1028153987840575e-10
3.7740846214311e-10
1.6925618390851673e-10
3.0347286549796545e-10
1.3596202129781279e-10
2.4353297189360593e-10
1.0899845729703153e-10
1.9504074312764948e-10
8.7207284057662978e-11
1.5589155482880832e-10
6.9632957704751901e-11
1.2435106396891852e-10
5.5488961262228502e-11
9.8993366490676124e-11
4.4129399606310157e-11
7.8648845703374067e-11
3.5025078215549771e-11
6.2360312618314203e-11
2.774341255539029e-11
4.9346219425645647e-11
2.1931600059143247e-11
3.8969888096586322e-11
1.7302562486393005e-11
3.0713838978113825e-11
1.3623233685456397e-11
2.4158430647397335e-11
1.0704827111073968e-11
1.8964133573413316e-11
8.3947695798399767e-12
1.4856857701960075e-11
6.5700333465852348e-12
1.1615839246113881e-11
5.1316383120691257e-12
9.0636660110219769e-12
4.0001306395635868e-12
7.0580846974779478e-12
3.1118738463136021e-12
5.4852889346691845e-12
2.4160140824017319e-12
4.2544343172284424e-12
1.8720033059310583e-12
3.2931674090152948e-12
1.4475828612593089e-12
2.5439903853061718e-12
1.1171459749602465e-12
1.9613124887843264e-12
8.6041126712272338e-13
1.5090644668186088e-12
6.6135086187080141e-13
1.1587732571205712e-12
5.0732636214148258e-13
8.8801194074439894e-13
3.8839408530597498e-13
6.7915486921416442e-13
2.9674776476223986e-13
5.1838031719081709e-13
2.2627260477172939e-13
3.9487338138097893e-13
1.7218930280300965e-13
3.0019045948053673e-13
1.3077057401288291e-13
2.2775377478393973e-13
9.9115953623354985e-14
1.7245029953778083e-13
7.4973324472375428e-14
1.3031427544472441e-13
5.6597812363550268e-14
9.8276505503764406e-14
4.26404905697046e-14
7.3966843985725e-14
3.2060804157822767e-14
5.5558964522455815e-14
2.4057821664790965e-14
4.1648644233130179e-14
1.8016393652315237e-14
3.1158551894240787e-14
1.3465084865330323e-14
2.3263943454024537e-14
1.0043382399743043e-14
1.733480948276283e-14
7.4761941942960629e-15
1.2890936928438083e-14
5.554063233086025e-15
9.5670835210442233e-15
4.117852036167033e-15
7.0860517303437672e-15
3.0469149105488061e-15
5.2379185742656162e-15
2.2499848097133069e-15
3.8640508984985468e-15
1.6581679526651061e-15
2.84483187443632e-15
1.2195710870063865e-15
2.090258717717653e-15
8.9519035324499294e-16
1.5327564513506955e-15
6.5577270839759583e-16
1.121697968536172e-15
4.7942530663650461e-16
8.1923478663267192e-16
3.4979874111025044e-16
5.9713222391992626e-16
2.5470953376224947e-16
4.3437248023289653e-16
1.8509804460826286e-16
3.1534341625734202e-16
1.3424191289986219e-16
2.2847301092246061e-16
9.7163713452095068e-17
1.652021568734918e-16
7.0185879794837409e-17
1.1921370692856212e-16
5.0597034465140686e-17
8.5855148370799754e-17
3.6402402676153746e-17
6.1707246096383808e-17
2.6137539785794796e-17
4.4262471284054141e-17
1.8729622994005879e-17
3.1685810631844742e-17
1.3394392947797292e-17
2.2637249521533389e-17
9.55975378002281e-18
1.6140320888923418e-17
6.8092620687860884e-18
1.1484982633999297e-17
4.8404201808536783e-18
8.1560183118680785e-18
3.4339640789601397e-18
5.780370989943719e-18
2.4312975033255271e-18
4.0884896680858956e-18
1.7179484643543841e-18
2.8860228658948489e-18
1.2114676741899601e-18
2.033135399284297e-18
8.5259582218429318e-19
1.429428732865162e-18
5.9883095425137587e-19
1.0029710194899861e-18
4.1975410678636508e-19
7.0233438708403297e-19
2.936400826087115e-19
4.9082779892501819e-19
2.050054432721538e-19
3.4232927662549159e-19
1.4283844667481723e-19
2.3828055567253104e-19
9.9324072024524208e-20
1.6552471061365205e-19
6.8927667908466796e-20
1.1475371168428416e-19
4.7737791665230808e-20
7.9396309710758964e-20
3.2995957535119971e-20
5.4823096804819686e-20
2.2760867911911453e-20
3.7779524025490622e-20
1.5669190917472709e-20
2.5982388447826282e-20
1.076549483897061e-20
1.7833284248528278e-20
7.3816099545709201e-21
1.2215556696497876e-20
5.0512383372611971e-21
8.3507381669042842e-21
3.4468170238221281e-21
3.2798093478263656e-21
1.0193233537832589e-22
2.2568333506467983e-23
2.36884749834407e-24
1.4577433390693777e-24
2.8563444202196553e-25
2.6350180917546297e-25
6.8201111309326483e-26
7.6850813979191415e-26
2.3079438496090795e-26
2.912632850554602e-26
9.5516695888599178e-27
1.2920165743167903e-26
4.4781784696650228e-27
6.3338936305117666e-27
2.2765524241107319e-27
3.3174759589652341e-27
1.222295291065248e-27
1.8186656613205776e-27
6.8209466763797212e-28
1.0307311284028161e-27
3.9195370670202392e-28
5.9985071825783179e-28
2.3086353354963123e-28
3.5750093851987509e-28
1.3923144606258088e-28
2.1824368499603942e-28
8.6071542551615519e-29
1.3666437403970713e-28
5.4594480578290804e-29
8.7746957158486585e-29
3.5427770216494862e-29
5.7406169778226034e-29
2.3292822674651156e-29
3.7814695567195487e-29
1.5341765343994282e-29
2.4884796366681645e-29
1.0085914562823668e-29
1.634327298919995e-29
6.617368899761942e-30
1.0712082535992568e-29
4.3329632074134794e-30
7.0070988796019278e-30
2.8314841486448855e-30
4.5743815352079576e-30
1.8465996862717104e-30
2.9802727692781829e-30
1.2018810956931617e-30
1.9378014969350603e-30
7.8069225391782563e-31
1.2574547070181168e-30
5.0609000271827853e-31
8.1433885189937826e-31
3.2742012760798252e-31
5.2631715719084393e-31
2.1140353715922603e-31
3.3948427315024568e-31
1.3622268006255515e-31
2.1853521436589081e-31
8.7602352921584023e-32
1.4039540288933007e-31
5.6222766325253222e-32
9.0014796467889587e-32
3.6011222417666745e-32
5.759762451797497e-32
2.3019376733734626e-32
3.678112419768131e-32
1.468516880617864e-32
2.3440944272770023e-32
9.3496117027397857e-33
1.4909218029445368e-32
5.9407133501856766e-33
9.4637757140916463e-33
3.7671478883824636e-33
5.9951975133462896e-33
2.384058296469083e-33
3.7902874946784003e-33
1.505740672478178e-33
2.3915021144456652e-33
9.4910368974551537e-34
1.5059089151071395e-33
5.9704386635820952e-34
9.4636037980428385e-34
3.7482547554288723e-34
5.935317096431433e-34
2.3484503685307681e-34
3.7150194893692953e-34
1.4684642772456648e-34
2.3206407435842052e-34
9.1637866170259214e-35
1.4467203868203372e-34
5.7071123169635559e-35
9.0009990165362662e-35
3.547214915724529e-35
5.5889016663089897e-35
2.2003302743099865e-35
3.4633140064345883e-35
1.3621293337767691e-35
2.1418402468069619e-35
8.4154719642447419e-36
1.3219403987424792e-35
5.1888145875781911e-36
8.1426631434704093e-36
3.1929135715469989e-36
5.005536765980135e-36
1.9608141167803296e-36
3.0708914608159505e-36
1.2017521280753357e-36
1.8802169894646726e-36
7.3506135575595394e-37
1.148897212712343e-36
4.4870536436869012e-37
7.006223272318935e-37
2.7335624642721192e-37
4.2639938330969054e-37
1.6619821297470399e-37
2.5898757860255497e-37
1.0084479150715461e-37
1.5698955209042417e-37
6.1067555719605785e-38
9.4971265809518714e-38
3.6905986444534993e-38
5.7338128776264002e-38
2.2259368266882283e-38
3.4548105596523482e-38
1.3398565713386454e-38
2.0774709359511712e-38
8.0488453817151719e-39
1.2467380463067184e-38
4.8254609450042244e-39
7.4669814177766494e-39
2.8871793039562801e-39
4.4631832530223294e-39
1.7240034876741792e-39
2.6624040237862578e-39
1.0273829885967045e-39
1.5850128968931936e-39
6.1102078108572891e-40
9.4171881087559979e-40
3.6266795360420942e-40
5.5839256498569784e-40
2.1482868850793669e-40
3.3043616213935018e-40
1.2700038047099033e-40
1.9514850255034288e-40
7.4928567442450233e-41
1.1501980408793727e-40
4.411839326964852e-41
6.7656485271259584e-41
2.592516014501138e-41
3.971695858378128e-41
1.5203825594462204e-41
2.3268714267133123e-41
8.8984423060591341e-42
1.3604993311066724e-41
5.1976240094215447e-42
7.9387827585259377e-42
3.0298782340655048e-42
4.6231627987360112e-42
1.7626884118342738e-42
2.6869159087441321e-42
1.0234227330265703e-42
1.5584710559474367e-42
5.9301404655475588e-43
9.0213857194706633e-43
3.4292879816084931e-43
5.2116739423641452e-43
1.9791236808208257e-43
3.0047674171751295e-43
1.1399114838095799e-43
1.7289169819984925e-43
6.5523874591676532e-44
9.9281234994023855e-44
3.7588693776852603e-44
5.6897045392206154e-44
2.1520117868249045e-44
3.2541851158550434e-44
1.2295947138190742e-44
1.8574795304080488e-44
7.0114636639848568e-45
1.0581224247372254e-44
3.9901116348730169e-45
6.0155754964162442e-45
2.2661650330400002e-45
3.4130938071406329e-45
1.2844799371408175e-45
1.9326307248675951e-45
7.2659576377680605e-46
1.0921424430731629e-45
4.1019287510932564e-46
6.1594130020545658e-46
2.3110694847430817e-46
3.4668030139899356e-46
1.2994731448776684e-46
1.9473696858613985e-46
7.2920872537650993e-47
1.0916857344033259e-46
4.0838132530316347e-47
6.1076808058517594e-47
2.2824909480804209e-47
3.4102368722372359e-47
1.2731589410678388e-47
1.900302299316675e-47
7.0873785341411942e-48
1.0567944615910161e-47
3.9374783411053721e-48
5.8652673109386866e-48
2.1831319640314584e-48
3.2487402848734894e-48
1.2080139554298436e-48
1.7958564489166395e-48
6.6710406179868036e-49
9.9073632484576918e-49
3.6765881855789827e-49
5.4547434410652826e-49
2.0222081678939127e-49
2.9972289494589543e-49
1.110034224986282e-49
1.6435969520517024e-49
6.08102095666426e-50
8.9949853897854361e-50
3.3246548613911257e-50
4.9128711465913954e-50
1.8140387204188823e-50
2.6779339747254382e-50
9.8781486446914039e-51
1.4567793203747862e-50
5.3682711258341893e-51
7.9089290078141085e-51
2.9115424236268432e-51
4.2852005804463826e-51
1.5759464187480804e-51
2.3171509102686229e-51
8.5131390652390204e-52
1.2504522518331423e-51
4.5895193696785482e-52
6.7345666490772389e-52
2.4693020208067678e-52
3.6197772408097352e-52
1.3259017219811396e-52
1.9417066209536557e-52
7.1052297509485155e-53
1.0394773376407694e-52
3.799918498298904e-53
5.5536219531819522e-53
2.0281513725085026e-53
2.9611954343854462e-53
1.0803293917909166e-53
1.5757511056797755e-53
5.743036598685823e-54
8.368307694277658e-54
3.0468878482852608e-54
4.4352450459821926e-54
1.6132470130143889e-54
2.3459958605550382e-54
8.5246348164697521e-55
1.238415511481451e-54
4.4955186827574445e-55
6.5243181200769835e-55
2.3659904086428061e-55
3.4303127116153971e-55
1.2427299279735921e-55
1.7999566071222026e-55
6.5143301805560164e-56
9.4258339978406788e-56
3.407944861076035e-56
4.9261466727239771e-56
1.7792825835537833e-56
2.5693585479233082e-56
9.2710092671120423e-57
1.3374309965951733e-56
4.8210136913351989e-57
6.9478118119659032e-57
2.5019584307333862e-57
3.6020878663801766e-57
1.2958384044048374e-57
1.8637614744699541e-57
6.6981036004803532e-58
9.6240025161526868e-58
3.4552714999805047e-58
4.959648980423292e-58
1.7788616792196577e-58
2.5507966424797137e-58
9.1397042524655079e-59
1.3092739490842099e-58
4.6865298644655521e-59
6.7067916651450136e-59
2.3982841508652575e-59
3.4286937856828329e-59
1.2248399304229785e-59
1.7493323626438938e-59
6.2429179878562542e-60
8.9072888372067419e-60
3.1756027212144495e-60
4.5263543547245902e-60
1.612105266252497e-60
2.2955202680503212e-60
8.1675413797571977e-61
1.1618325654243766e-60
4.1296995641188708e-61
5.8686110159401805e-61
2.0838913627546043e-61
2.9584005111249557e-61
1.049450147261373e-61
1.4883612529134457e-61
5.2744540542160063e-62
7.4729042489345917e-62
2.645594996183954e-62
3.7445530307003972e-62
1.3243386732475876e-62
1.8725797429530173e-62
6.616129557011907e-63
9.345664815687455e-63
3.2986712139293376e-63
4.6548960778513096e-63
1.6413584954868467e-63
2.3138723444141388e-63
8.1507486907511905e-64
1.14788455007247e-63
4.0394414107908109e-64
5.6831210579391424e-64
1.997905936721675e-64
2.8080530674692597e-64
9.8618373640536555e-65
1.3846922966741717e-64
4.8581472449493763e-65
6.814452840891574e-65
2.3884353570405454e-65
3.3468666971137754e-65
1.1718872794797939e-65
1.6404969381792871e-65
5.738357440275517e-66
8.0249481025560377e-66
2.8042653485809589e-66
3.9177652316321097e-66
1.367666759716465e-66
1.9088182940287614e-66
6.6568862888397589e-67
9.2815446944509234e-67
3.2336415040634123e-67
4.5040740416308603e-67
1.567624360486124e-67
2.1813263167083542e-67
7.5844142184885849e-68
1.0543031919028318e-67
3.6621095447282421e-68
5.0855738615537972e-68
1.7646989301765543e-68
2.4481833834002808e-68
8.486710054829102e-69
1.1761903330103232e-68
4.0732205723774341e-69
5.639505948127889e-69
1.951041193643085e-69
2.6985724677580093e-69
9.3266198676719794e-70
1.288714773028813e-69
4.4495087997251652e-70
6.1419933320522917e-70
2.1185032726825134e-70
2.9214030269952531e-70
1.0066442428645278e-70
1.3867662381572364e-70
4.7736732590352526e-71
6.5696854164269137e-71
2.2592216940127067e-71
3.1061016548623781e-71
1.0670746232652035e-71
1.4656035754928693e-71
5.0299118345323268e-72
6.9015552380452275e-72
2.3662238224103269e-72
3.2434491205204614e-72
1.1109146216056433e-72
1.5212373415163599e-72
5.2051753187104829e-73
7.1205965401502267e-73
2.4339961551464305e-73
3.3263309699042375e-73
1.1358828644194907e-73
1.5507590042008809e-73
5.2902672176035611e-74
7.2152725620374546e-74
2.4589567063726586e-74
3.350356048653775e-74
1.1406540101958462e-74
1.5525975635221803e-74
5.2806375523142966e-75
7.1805271643682377e-75
2.4397682193643081e-75
3.3142372134365141e-75
1.1249695389398667e-75
1.5266525818520134e-75
5.1768095532110078e-76
7.0182152679550833e-76
2.3774633024099186e-76
3.2199048355756416e-76
1.0896692526819079e-76
1.4743099101765024e-76
4.9843116543171043e-77
6.7369652401266078e-77
2.2753357598348729e-77
3.0723423965273867e-77
1.0366110293210001e-77
1.398313017144025e-77
4.7131943259305019e-78
6.3513942336635232e-78
2.1386763419266398e-78
2.8791422060564369e-78
9.6850987192385596e-79
1.30252819207957e-78
4.3771638255130648e-79
5.8808554796544917e-79
1.9742890903069783e-79
2.6498648434639414e-79
8.8870780137009205e-80
1.1916171146117356e-79
3.9924263630504427e-80
5.3478522724977233e-80
1.7899634178092111e-80
2.3952534544725297e-80
8.009052681218372e-81
1.070664632209656e-80
3.5764144318694837e-81
4.7762276646224624e-81
1.5938386585799225e-81
2.1264067764744998e-81
7.0887598686322408e-82
9.4479398025318899e-82
3.1464898187677089e-82
4.1894583793048751e-82
1.3938356872366703e-82
1.8539929013899091e-82
6.1620700595515026e-83
8.1881919582068116e-83
2.7187643538655947e-83
3.6090885411013527e-83
1.1971433142718203e-83
1.5875843321232414e-83
5.2607809211516557e-84
6.969565665475894e-84
2.3071934195571006e-84
3.0535464627349474e-84
1.009828016735148e-84
1.3351585497738937e-84
4.4110364786824804e-85
5.826271670152964e-85
1.9229287285581092e-85
2.5373373666677431e-85
8.3659543562237531e-86
1.1027971651449762e-85
3.6324346187123998e-86
4.7834636271539261e-86
1.5740179786954891e-86
2.0707093168723578e-86
6.8069259876062091e-87
8.9459330673145214e-87
2.9378009615561873e-87
3.8571054175185819e-87
1.2653859571927099e-87
1.6596906724537184e-87
5.4394337627572588e-88
7.1272606359412822e-88
2.3335332640963458e-88
3.054552771284509e-88
9.9908801135580384e-89
1.3064786410545093e-88
4.2689697299912042e-89
5.5768188662550807e-89
1.8204230337585144e-89
2.3757492506559847e-89
7.7473129385663249e-90
1.0100533213535314e-89
3.2904843904961997e-90
4.2856589698604109e-90
1.3947556562371903e-90
1.8147656960515043e-90
5.9001856228806462e-91
7.6692600303808965e-91
2.4909397437920631e-91
3.2345631709423078e-91
1.0495194784894783e-91
1.3614689373553288e-91
4.4131353989870538e-92
5.7191241307011027e-92
1.8519702172698356e-92
2.397622522456933e-92
7.7562209982502154e-93
1.0031405979841061e-92
3.2418743400820901e-93
4.1886373135886762e-93
1.3522948999335373e-93
1.7454725042455966e-93
5.62959237387911e-94
7.2591083500841633e-94
2.338901956705267e-94
3.0128873317226861e-94
9.6978708291909801e-95
1.2479936429193776e-94
4.0130115859811982e-95
5.1590707558775443e-95
1.6572745679897346e-95
2.1284339729556358e-95
6.8304355009333112e-96
8.7635200701106543e-96
2.8095165853057983e-96
3.6010299960153771e-96
1.1533055313652958e-96
1.4767414954544982e-96
4.7248375230965958e-97
6.0438271134583523e-97
1.9317870998964578e-97
2.4685904584930037e-97
7.8824495789790617e-98
1.006273151380873e-97
3.209910984324688e-98
4.0936640356100585e-98
1.3045306324322421e-98
1.6620281230710372e-98
5.2910884337994004e-99
6.7343262787767305e-99
2.1417357593998497e-99
2.7232002480646089e-99
8.651986908408887e-100
1.0989925969115611e-99
3.4881555821416864e-100
4.4262878247335059e-100
1.4034780651526386e-100
1.7791562949073366e-100
5.6356639632940392e-101
7.1370437661824428e-101
2.2584682257433824e-101
2.8572749965105575e-101
9.0325975588422505e-102
1.1416039971620957e-101
3.6052963493638294e-102
4.5520690484450657e-102
1.4361468362291171e-102
1.8114715190623796e-102
5.709353578832369e-103
7.1942276558785714e-103
2.2651856683461761e-103
2.8514535138172983e-103
8.969147570286369e-104
1.1279197232486791e-103
3.5442778687745846e-104
4.4526603761423234e-104
1.3977644685168256e-104
1.754247519384558e-104
5.5013572969752809e-105
6.8974990836093284e-105
2.1609046392107615e-105
2.706588804956806e-105
8.4709283465505903e-106
1.0599430077705446e-105
3.3140275261402501e-106
4.1425936615109768e-106
1.2939301675625159e-106
1.6158157146278977e-106
5.0419140743696123e-107
6.2898622259157512e-107
1.9606912301604915e-107
2.4435437200862693e-107
7.6094464455831698e-108
9.4738956727071001e-108
2.9473163224522971e-108
3.6657836984254132e-108
1.1392784361347492e-108
1.4155811184330992e-108
4.395033063464834e-109
5.4554704379410461e-109
1.6920945514216198e-109
2.0982616871819417e-109
6.5015471223249912e-110
8.0540924342334426e-110
2.4930938671084444e-110
3.0853403604389123e-110
9.5409101284390933e-111
1.1795579587582756e-110
3.6439388208902494e-111
4.500548122248324e-111
1.3889346706667904e-111
1.7137238117631398e-111
5.2835111101284434e-112
6.5124777205755801e-112
2.0058226757812153e-112
2.4699101253226368e-112
7.5996288997944633e-113
9.348583111516959e-113
2.8735697745476908e-113
3.5313453114598601e-113
1.0843777837931447e-113
1.3312632635486184e-113
4.0838495489881783e-114
5.0086152040335998e-114
1.5349281390755483e-114
1.8806197034648705e-114
5.7575295582992458e-115
7.0471568822308766e-115
2.155331692424494e-115
2.6354614469153848e-115
8.0523287759451231e-116
9.836233400780568e-116
3.0023309578946456e-116
3.6637938606503769e-116
1.117185888740279e-116
1.3619542709033035e-116
4.148792431326212e-117
5.0527037916509785e-117
1.537617157984572e-117
1.8707462883409675e-117
5.6872718461043247e-118
6.9125084951012799e-118
2.099372164417059e-118
2.5490939187551244e-118
7.7340085278349845e-119
9.3813633682925781e-119
2.8434761408173944e-119
3.4456849836306935e-119
1.0433354474692612e-119
1.2630336566326702e-119
3.8205710974018452e-120
4.6204484101241744e-120
1.3962464812194513e-120
1.686874057128927e-120
5.0924382770653812e-121
6.1462609109678682e-121
1.8536127873066643e-121
2.2349569633698979e-121
6.7335189761649592e-122
8.1106731348794085e-122
2.4411487651601507e-122
2.9374756096155135e-122
8.8323596755600127e-123
1.0617475302745979e-122
3.1892497035439127e-123
3.8299924518658803e-123
1.1492908826308788e-123
1.3788097471928509e-123
4.1333412430267761e-124
4.9538248386111239e-124
1.4835503156838577e-124
1.7762591809774372e-124
5.3141382225379397e-125
6.3562610928267567e-125
1.899734941803163e-125
2.2700053357764835e-125
6.7777073446027114e-126
8.0906172929888609e-126
2.4132511895260912e-126
2.8778361444997691e-126
8.575345852741149e-127
1.0215983149764163e-126
3.0410989482462277e-127
3.6192942286466725e-127
1.0763146952002986e-127
1.2796676469066629e-127
3.8016994797269379e-128
4.515442408741563e-128
1.3401256254528475e-128
1.5901321178505976e-128
4.7145809454785425e-129
5.5885052133628468e-129
1.6552764179783697e-129
1.9601432234925449e-129
5.7999936699650608e-130
6.8613501637974611e-130
2.0282147204369999e-130
2.3969605522716232e-130
7.0783240188336452e-131
8.3568401035408516e-131
2.4653379974169195e-131
2.9077224999922503e-131
8.5694302488302995e-132
1.0097026906983081e-131
2.9727434792621706e-132
3.4991589382015707e-132
1.0291826504049425e-132
1.210217319326882e-132
3.555959924266272e-133
4.1772744523578024e-133
1.2261719391885484e-133
1.4389715814444107e-133
4.2196407380301742e-134
4.9469893828690302e-134
1.4492033266234921e-134
1.697303938289221e-134
4.9672080906165235e-135
5.8117605808333054e-135
1.6991253749322922e-135
1.9860285439621428e-135
5.8005383163122074e-136
6.7731870582144502e-136
1.9762430127101437e-136
2.3053156152732219e-136
6.7195818182975257e-137
7.830639145335898e-137
2.2802072252998955e-137
2.6545666527693839e-137
7.7221030494463993e-138
8.9809001423776125e-138
2.6099168042138713e-138
3.0323249446345731e-138
8.8033355528324709e-139
1.0217888944569615e-138
2.9634513641605031e-139
3.436184826261613e-139
9.9558386907408133e-140
1.1532447094867982e-139
3.3380090779397383e-140
3.8627450467717531e-140
1.1169321275562243e-140
1.2912199677619725e-140
3.7298908167415929e-141
4.3075868886489388e-141
1.2430671164585631e-141
1.4341603170350849e-141
4.1345017998626217e-142
4.7653081310774372e-142
1.3724013715819078e-142
1.5802066479699869e-142
4.5464139733586546e-143
5.2295779057673444e-143
1.5030951662570753e-143
1.7272248494761327e-143
4.9594521230798006e-144
5.6932551694396781e-144
1.6330907735559831e-144
1.8728470672616136e-144
5.3668144454324735e-145
6.1485634960429319e-145
1.7601626845575672e-145
2.0145334883325436e-145
5.7612739385602695e-146
6.5872638138528382e-146
1.8819763627168868e-146
2.149638430875359e-146
6.1353480322679553e-147
7.0009260641610245e-147
1.9961550866364913e-147
2.2754908303739864e-147
6.481542728988963e-148
7.381155854641162e-148
2.1003552666584601e-148
2.3894793367715824e-148
6.7926092375332763e-149
7.719904740643398e-149
2.192349424573376e-149
2.489146635630757e-149
7.0617621086704638e-150
8.009735861457838e-150
2.2701044912813209e-150
2.5722663469827656e-150
7.2829706679291656e-151
8.2441002345469335e-151
2.3318502296097446e-151
2.636940066731055e-151
7.4511373142244675e-152
8.4175751217845193e-152
2.3761516081873346e-152
2.6816576993836333e-152
7.5623223101687585e-153
8.5260797765285352e-153
2.4019621832067634e-153
2.7053601459895984e-153
7.6138897441305724e-154
8.5670314569593683e-154
2.4086681574436099e-154
2.7074809067855871e-154
7.604601813330324e-155
8.5394550228097567e-155
2.3961054806329201e-155
2.6879714865103067e-155
7.5346898269345198e-156
8.4440070947963681e-156
2.3645818714959729e-156
2.6472945568429799e-156
7.405809829121876e-157
8.282960443740551e-157
2.3148393091309337e-157
2.5864187515914573e-157
7.2210277266045262e-158
8.060119154535143e-158
2.2480530494421085e-158
2.5067665391097142e-158
6.9846373335967882e-159
7.7806497867790839e-159
2.1657614845983791e-159
2.4101705232081413e-159
6.7020409089515609e-160
7.4509087358837917e-160
2.0698246990017072e-160
2.2987943554870554e-160
6.3795373906348534e-161
7.0781686177660236e-161
1.9623436500828959e-161
2.1750609772931585e-161
6.0240726962391651e-162
6.6703960363861836e-162
1.8455891225067937e-162
2.0415560974654731e-162
5.6429973599981038e-163
6.2359232421644618e-163
1.7219249341909631e-163
1.9009463244296186e-163
5.2438253941905121e-164
5.783205433221043e-164
1.5937194976933065e-164
1.7558890707061964e-164
4.8339817866264701e-165
5.3205331498364071e-165
1.4632809142929225e-165
1.6089521612783761e-165
4.4205910534572672e-166
4.8557970748719256e-166
1.3327933728997974e-166
1.4625398165592502e-166
4.0102825778490414e-167
4.3962699026235144e-167
1.2042498545508926e-167
1.3188366575933073e-167
3.6090063925969324e-168
3.9484551603179908e-168
1.0794154232957544e-168
1.179757920021531e-168
3.2219553085820547e-169
3.5179409600182801e-169
9.5979784970273543e-170
1.0469200498918747e-169
2.8534483712741024e-170
3.1093418400836065e-170
8.4662181136179609e-171
9.216223055722386e-171
2.5069104022678123e-171
2.7262585475852793e-171
7.4082883097339304e-172
8.0484247198538031e-172
2.1848739134734442e-172
2.3712895822809239e-172
6.4307982840503256e-173
6.9724865757769073e-173
1.889003925851954e-173
2.0460705494568291e-173
5.5377182272379679e-174
5.9921558522324727e-174
1.6201602062702878e-174
1.7513600995982729e-174
4.7305859380818178e-175
5.1085457201252286e-175
1.3784838025183101e-175
1.4871296173167772e-175
4.0088354228023574e-176
4.32045914815898e-176
1.1634942488725156e-176
1.2526823706801419e-176
3.3700771253573438e-177
3.6247792966001941e-177
9.7419410209373671e-178
1.0467712864061731e-177
2.8104796120562445e-178
3.0168360608177838e-178
8.091800168930269e-179
8.6772294814729134e-179
2.3250902151637889e-179
2.4908089783484914e-179
6.6675086990467032e-180
7.1355816508733039e-180
1.9081725340577171e-180
2.0400836178604162e-180
5.4500553235910756e-181
5.8209814145835738e-181
1.5535099823159876e-181
1.657578339222615e-181
4.4193313451843472e-182
4.7106611506542813e-182
1.2546691148351555e-182
1.3360389532865503e-182
3.5549307783545315e-183
3.7816918807355623e-183
1.0052248996481687e-183
1.0682740455129797e-183
2.8367739034256833e-184
3.0116809908555455e-184
7.9894249273533105e-185
8.4735391515404362e-185
2.2456219507662657e-185
2.3793075920969529e-185
6.2992250001005662e-186
6.6675436568978551e-186
1.7634666781029096e-186
1.864708105381087e-186
4.9269375503051031e-187
5.2045784241626955e-187
1.3737778801527888e-187
1.4497394167613731e-187
3.8228333170262611e-188
4.0301730019190835e-188
1.0616576534259452e-188
1.1181172923755586e-188
2.9424766534269185e-189
3.095857074379051e-189
8.1390014796188091e-190
8.5546832597114144e-190
2.2467715369613696e-190
2.359155277068485e-190
6.1897958874899563e-191
6.4929034284206984e-191
1.7018588903848163e-191
1.7834082715531532e-191
4.6698221233872027e-192
4.8886920257723908e-192
1.2788135325393945e-192
1.3374080451654736e-192
3.4949687008777943e-193
3.6514464839538603e-193
9.5325508771373143e-194
9.9493720730122587e-194
2.5948039163019634e-194
2.7055530739354404e-194
7.0490382828421296e-195
7.3425353736734423e-195
1.9111065535349011e-195
1.9886842331610372e-195
5.1709376185571816e-196
5.3754536146455969e-196
1.3963161737531042e-196
1.4500876117105953e-196
3.7629391906308665e-197
3.9039381604363578e-197
1.0120482435689487e-197
1.0489176153310951e-197
2.7164672857280919e-198
2.812610050850783e-198
7.2767460310698207e-199
7.5267472017112303e-199
1.9453592352144091e-199
2.0101788941398819e-199
5.1902921808471696e-200
5.3578656459624974e-200
1.3820188585355976e-200
1.4252085831077567e-200
3.672531340171943e-201
3.78350982645557e-201
9.7397248738229877e-202
1.0024000175447768e-201
2.5778514498092194e-202
2.6504328749179541e-202
6.8092391281101225e-203
6.9939437095476493e-203
1.7950173487382033e-203
1.8418638950275233e-203
4.7224635380024806e-204
4.840857437258331e-204
1.2399329831155352e-204
1.2697451406215494e-204
3.2490567391936103e-205
3.3238456814116619e-205
8.4966245809056096e-206
8.6834971291435081e-206
2.2175068702248684e-206
2.2640087581186769e-206
5.7758191648730738e-207
5.8910282842461329e-207
1.501382608798244e-207
1.5297979868032119e-207
3.8949244686281208e-208
3.9646651958623764e-208
1.0084084011619561e-208
1.0254360735966901e-208
2.6055745566377567e-209
2.6469184248010031e-209
6.7189268344407873e-210
6.8187068738173965e-210
1.7291242350068455e-210
1.7530452499124874e-210
4.4410160089069909e-211
4.4979430929620349e-211
1.1383295575034885e-211
1.1517667715381379e-211
2.9119470796672699e-212
2.9433690206694986e-212
7.4341048971313324e-213
7.5067957559590631e-213
1.8941011192617358e-213
1.9107072694740568e-213
4.8162297350051065e-214
4.8535914483474382e-214
1.2221982789273515e-214
1.2304445200368155e-214
3.095319331919478e-215
3.1130821690489891e-215
7.8234607983687906e-216
7.8604759305630434e-216
1.9734294054443136e-216
1.9807826357411988e-216
4.9679190193052271e-217
4.9814331389441602e-217
1.2481212790020348e-217
1.2502635505261697e-217
3.129454103107576e-218
3.1316888778815424e-218
7.8308755822300496e-219
7.8286170332563602e-219
1.955608935332092e-219
1.9530856282251233e-219
4.8739743505509837e-220
4.862809932328769e-220
1.2123102694995502e-220
1.2083220124153289e-220
3.0093611646588517e-221
2.9964567384242365e-221
7.4552821467269124e-222
7.4158871327149574e-222
1.8432497541843257e-222
1.8316715986129713e-222
4.5481361634479006e-223
9.0300841127232242e-223
